5,814
5,821
6,829
5,837
4,845
1,853
3,861
7,869
12,877
18,885
23,893
29,901
34,910
40,918
43,926
45,934
44,942
42,950
39,957
34,964
29,971
23,978
17,985
9,993
0,1001
9,1008
20,1015
29,1022
40,1030
53,1038
65,1046
80,1054
94,1062
109,1070
120,1078
127,1085
127,1093
127,1100
127,1109
127,1117
123,1124
111,1132
95,1141
79,1149
64,1157
49,1164
38,1171
28,1179
21,1188
16,1196
12,1204
12,1212
12,1219
13,1226
13,1234
13,1242
12,1250
10,1258
8,1266
5,1275
3,1282
1,1289
1,1297
1,1305
1,1313
1,1322
2,1327
3,1335
5,1343
7,1352
10,1359
12,1366
15,1374
18,1382
23,1390
29,1398
36,1406
45,1414
53,1422
65,1429
77,1437
89,1445
100,1454
109,1462
118,1470
122,1477
124,1486
121,1494
113,1503
106,1511
93,1518
79,1526
65,1534
51,1541
38,1548
27,1555
17,1563
10,1570
6,1577
3,1584
1,1591
1,1599
1,1607
1,1614
1,1622
0,1629
1,1637
2,1645
3,1653
5,1661
8,1669
11,1676
15,1684
19,1691
25,1699
30,1706
39,1713
48,1721
57,1729
66,1737
76,1745
86,1753
97,1761
105,1769
112,1777
111,1785
109,1793
98,1801
83,1810
69,1817
53,1825
36,1833
18,1840
0,1847
17,1855
36,1863
48,1871
65,1879
77,1887
85,1895
93,1903
97,1911
98,1919
100,1927
95,1935
89,1943
77,1951
65,1959
44,1967
23,1974
2,1981
20,1988
40,1996
58,2004
76,2012
87,2019
97,2027
103,2035
107,2043
107,2050
106,2058
104,2066
99,2073
85,2080
70,2088
51,2096
31,2103
11,2110
9,2118
28,2126
47,2134
66,2142
84,2150
103,2157
112,2164
119,2172
123,2179
122,2186
117,2193
112,2201
103,2208
92,2216
76,2223
58,2230
39,2238
20,2246
3,2253
16,2261
31,2269
