4.27735023286e-07
0.0118285843339
0.0118341448893
0.0118367112994
0.0118388499745
0.0118409886496
0.0118431273247
0.0118452659999
0.011847404675
0.0118499710851
0.0118521097602
0.0118538207003
0.0118559593754
0.0118580980506
0.0118598089906
0.0118619476658
0.0118640863409
0.011866225016
0.0118683636911
0.0118705023662
0.0118726410413
0.0118747797165
0.0118764906566
0.0118786293317
0.0118807680068
0.0118824789469
0.011884617622
0.0118867562971
0.0118888949722
0.0118910336473
0.0118931723225
0.0118953109976
0.0118974496727
0.0118995883478
0.0119012992879
0.011903437963
0.0119055766381
0.0119077153133
0.0119094262533
0.0119111371934
0.0119132758686
0.0119149868087
0.0119166977487
0.0119184086888
0.011920547364
0.011922258304
0.0119243969792
0.0119261079193
0.0119282465944
0.0119299575345
0.0119316684746
0.0119333794147
0.0119355180898
0.0119372290299
0.01193893997
0.01194065091
0.0119427895852
0.0119449282603
0.0119466392004
0.0119483501405
0.0119500610806
0.0119517720207
0.0119534829607
0.0119556216359
0.011957332576
0.0119594712511
0.0119611821912
0.0119633208663
0.0119650318064
0.0119667427465
0.0119684536866
0.0119701646267
0.0119718755667
0.0119740142419
0.011975725182
0.0119778638571
0.0119795747972
0.0119812857373
0.0119829966774
0.0119851353525
0.0119868462926
0.0119885572327
0.0119906959078
0.0119924068479
0.011994117788
0.0119962564631
0.0119979674032
0.0119996783433
0.0120013892834
0.0120031002234
0.0120052388986
0.0120069498387
0.0120090885138
0.0120107994539
0.012012510394
0.0120142213341
0.0120159322741
0.0120180709493
0.0120197818894
0.0120214928295
0.0120232037695
0.0120249147096
0.0120270533848
0.0120287643248
0.0120304752649
0.012032186205
0.0120343248801
0.0120360358202
0.0120377467603
0.0120394577004
0.0120415963755
0.0120433073156
0.0120454459908
0.0120471569308
0.0120488678709
0.012050578811
0.0120527174861
0.0120544284262
0.0120565671014
0.0120582780415
0.0120599889815
0.0120616999216
0.0120634108617
0.0120655495368
0.0120672604769
0.012068971417
0.0120711100922
0.0120728210322
0.0120745319723
0.0120762429124
0.0120779538525
0.0120800925276
0.0120818034677
0.0120835144078
0.0120852253479
0.012086936288
0.0120890749631
0.0120907859032
0.0120924968433
0.0120946355184
0.0120963464585
0.0120980573986
0.0120997683387
0.0121014792788
0.0121036179539
0.012105328894
0.0121070398341
0.0121087507742
0.0121108894493
0.0121126003894
0.0121143113295
0.0121160222696
0.0121181609447
0.0121198718848
0.0121215828249
0.012123293765
0.0121254324401
0.0121271433802
0.0121292820553
0.0121309929954
0.0121327039355
0.0121344148756
0.0121365535507
0.0121382644908
0.0121404031659
0.012142114106
0.0121438250461
0.0121459637212
0.0121476746613
0.0121493856014
0.0121510965415
0.0121528074816
0.0121549461567
0.0121566570968
0.0121583680369
0.012160078977
0.0121617899171
0.0121639285922
0.0121656395323
0.0121673504724
0.0121694891475
0.0121712000876
0.0121729110277
0.0121746219678
0.0121763329079
0.012178043848
0.0121801825231
0.0121818934632
0.0121836044033
0.0121853153434
0.0121874540185
0.0121891649586
0.0121908758987
0.0121925868388
0.0121942977789
0.012196436454
0.0121981473941
0.0121998583342
0.0122015692743
0.0122037079494
0.0122054188895
0.0122071298296
0.0122088407696
0.0122105517097
0.0122126903849
0.012214401325
0.012216112265
0.0122182509402
0.0122199618803
0.0122221005554
0.0122238114955
0.0122255224356
0.0122272333757
0.0122289443157
0.0122310829909
0.012232793931
0.012234504871
0.0122366435462
0.0122383544863
0.0122400654263
0.0122422041015
0.0122439150416
0.0122456259817
0.0122473369217
0.0122490478618
0.012251186537
0.012252897477
0.0122550361522
0.0122567470923
0.0122584580324
0.0122601689724
0.0122623076476
0.0122640185877
0.0122657295277
0.0122674404678
0.012269579143
0.012271290083
0.0122734287582
0.0122751396983
0.0122768506384
0.0122789893135
0.0122807002536
0.0122824111937
0.0122841221337
0.0122862608089
0.012287971749
0.0122896826891
0.0122918213642
0.0122935323043
0.0122952432444
0.0122969541844
0.0122990928596
0.0123008037997
0.0123025147397
0.0123042256798
0.012306364355
0.0123080752951
0.0123097862351
0.0123119249103
0.0124590657583
0.0124641985786
0.0124663372537
0.0124680481938
0.0124701868689
0.012471897809
0.0124740364841
0.0124757474242
0.0124778860993
0.0124795970394
0.0124813079795
0.0124830189196
0.0124847298597
0.0124868685348
0.0124885794749
0.012490290415
0.0124924290901
0.0124941400302
0.0124958509703
0.0124979896454
0.0124997005855
0.0125014115256
0.0125031224657
0.0125052611408
0.0125069720809
0.012508683021
0.0125108216961
0.0125125326362
0.0125142435763
0.0125159545164
0.0125180931915
0.0125198041316
0.0125215150717
0.0125232260118
0.0125253646869
0.012527075627
0.0125287865671
0.0125304975072
0.0125326361823
0.0125343471224
0.0125360580625
0.0125377690026
0.0125394799426
0.0125416186178
0.0125433295579
0.012545040498
0.012546751438
0.0125488901132
0.0125510287883
0.0125527397284
0.0125544506685
0.0125565893436
0.0125583002837
0.0125600112238
0.0125617221639
0.012563860839
0.0125655717791
0.0125672827192
0.0125694213943
0.0125711323344
0.0125728432745
0.0125745542146
0.0125762651547
0.0125784038298
0.0125801147699
0.01258182571
0.0125839643851
0.0125856753252
0.0125873862653
0.0125895249404
0.0125912358805
0.0125929468206
0.0125946577607
0.0125963687007
0.0125985073759
0.012600218316
0.0126023569911
0.0126040679312
0.0126057788713
0.0126074898114
0.0126096284865
0.0126113394266
0.0126130503667
0.0126147613067
0.0126168999819
0.012618610922
0.0126203218621
0.0126224605372
0.0126241714773
0.0126258824174
0.0126275933574
0.0126297320326
0.0126314429727
0.0126331539127
0.0126348648528
0.012637003528
0.0126387144681
0.0126408531432
0.0126425640833
0.0126442750234
0.0126459859634
0.0126481246386
0.0126498355787
0.0126515465188
0.0126532574588
0.0126549683989
0.0126571070741
0.0126588180141
0.0126605289542
0.0126622398943
0.0126643785694
0.0126660895095
0.0126678004496
0.0126695113897
0.0126712223298
0.0126729332699
0.012675071945
0.0126767828851
0.0126789215602
0.0126806325003
0.0126823434404
0.0126844821155
0.0126861930556
0.0126879039957
0.0126896149358
0.0126913258759
0.012693464551
0.0126951754911
0.0126973141662
0.0126990251063
0.0127007360464
0.0127028747215
0.0127045856616
0.0127062966017
0.0127080075418
0.0127101462169
0.012711857157
0.0127135680971
0.0127152790372
0.0127174177123
0.0127191286524
0.0127208395925
0.0127229782676
0.0127246892077
0.0127264001478
0.0127281110879
0.012729822028
0.0127319607031
0.0127336716432
0.0127353825833
0.0127370935234
0.0127392321985
0.0127409431386
0.0127867107861
0.0127888494612
0.0127905604013
0.0127922713414
0.0127939822815
0.0127956932216
0.0127978318967
0.0127999705718
0.012802536982
0.0128059588622
0.0128320506986
0.0128371835189
0.012839749929
0.0128423163391
0.0128448827493
0.0128470214244
0.0128491600995
0.0128512987746
0.0128534374497
0.0128551483898
0.012857287065
0.0128594257401
0.0128615644152
0.0128637030903
0.0128654140304
0.0128675527055
0.0128701191156
0.0128735409958
0.012876962876
0.0128812402263
0.0128850898415
0.0128885117217
0.0128932168069
0.0128979218922
0.0129009160373
0.0129051933876
0.0129094707378
0.012912892618
0.0129167422332
0.0129210195834
0.0129248691986
0.012931285224
0.0129334238991
0.0129351348392
0.0129372735143
0.0129394121894
0.0129411231295
0.0129428340696
0.0129445450097
0.0129466836848
0.0129483946249
0.012950105565
0.0129522442401
0.0129552383853
0.0129586602655
0.0129616544106
0.0129650762908
0.012968498171
0.0129723477862
0.0129753419314
0.0129774806065
0.0129791915466
0.0129809024867
0.0129826134268
0.0129847521019
0.012986463042
0.0129881739821
0.0129903126572
0.0129920235973
0.0129937345374
0.0129954454775
0.0129975841526
0.0129992950927
0.0130010060328
0.0130027169729
0.013004427913
0.0130065665881
0.0130082775282
0.0130099884683
0.0130121271434
0.0130138380835
0.0130155490236
0.0130181154337
0.0130202541088
0.0130219650489
0.013023675989
0.0130258146641
0.0130275256042
0.0130296642793
0.0130313752194
0.0130330861595
0.0130347970996
0.0130365080397
0.0130386467148
0.0130403576549
0.013042068595
0.0130437795351
0.0130459182102
0.0130476291503
0.0130493400904
0.0130510510305
0.0130527619706
0.0130544729107
0.0130566115858
0.0131395921803
0.0131438695306
0.0131460082057
0.0131481468808
0.0131498578209
0.013151996496
0.0131541351711
0.0131558461112
0.0131579847863
0.0131596957264
0.0131614066665
0.0131635453416
0.0131652562817
0.0131673949568
0.0131691058969
0.013170816837
0.0131729555121
0.0131746664522
0.0131763773923
0.0131780883324
0.0131802270075
0.0131819379476
0.0131836488877
0.0131857875628
0.0131874985029
0.013189209443
0.0131913481181
0.0131930590582
0.0131947699983
0.0131969086734
0.0131986196135
0.0132003305536
0.0132024692287
0.0132041801688
0.0132058911089
0.013207602049
0.0132097407241
0.0132114516642
0.0132135903393
0.0132153012794
0.0132170122195
0.0132187231596
0.0132208618347
0.0132225727748
0.0132242837149
0.01322642239
0.0132281333301
0.0132302720053
0.0132319829453
0.0132341216205
0.0132358325606
0.0132375435007
0.0132396821758
0.0132413931159
0.013243104056
0.0132452427311
0.0132469536712
0.0132490923463
0.0132508032864
0.0132525142265
0.0132542251666
0.0132559361067
0.0132580747818
0.0132597857219
0.013261496662
0.0132636353371
0.0132653462772
0.0132670572173
0.0132687681574
0.0132704790974
0.0132726177726
0.0132743287127
0.0132760396527
0.0132781783279
0.013279889268
0.0132816002081
0.0132837388832
0.0132854498233
0.0132871607634
0.0132892994385
0.0132910103786
0.0132927213187
0.0132944322587
0.0132965709339
0.013298281874
0.0132999928141
0.0133021314892
0.0133038424293
0.0133055533694
0.0133072643094
0.0133094029846
0.0133111139247
0.0133128248648
0.0133149635399
0.01331667448
0.0133188131551
0.0133205240952
0.0133222350353
0.0133243737104
0.0133260846505
0.0133277955906
0.0133295065307
0.0133312174708
0.0133333561459
0.013335067086
0.0133367780261
0.0133389167012
0.0133406276413
0.0133423385814
0.0133440495215
0.0133461881966
0.0133478991367
0.0133496100768
0.0133513210168
0.013353459692
0.0133551706321
0.0133568815721
0.0133590202473
0.0133607311874
0.0133624421275
0.0133645808026
0.0133662917427
0.0133680026828
0.0133697136228
0.013371852298
0.0133735632381
0.0133757019132
0.0133774128533
0.0133791237934
0.0133808347335
0.0133829734086
0.0133846843487
0.0133863952888
0.0133885339639
0.013390244904
0.0133919558441
0.0133936667842
0.0133958054593
0.0133975163994
0.0133992273395
0.0134009382795
0.0134030769547
0.0134047878948
0.0134064988348
0.01340863751
0.0134103484501
0.0134124871252
0.0134141980653
0.0134163367404
0.0134180476805
0.0134197586206
0.0134214695607
0.0134236082358
0.0134253191759
0.013427030116
0.0134291687911
0.0134308797312
0.0134325906713
0.0134343016114
0.0134364402865
0.0134381512266
0.0134398621667
0.0134415731068
0.0134432840469
0.013445422722
0.0134471336621
0.0134492723372
0.0134509832773
0.0134526942174
0.0134544051575
0.0134561160976
0.0134582547727
0.0134599657128
0.0134616766529
0.0134633875929
0.0134655262681
0.0134672372082
0.0134689481482
0.0134710868234
0.0134727977635
0.0134745087036
0.0134762196436
0.0134783583188
0.0134800692589
0.0134817801989
0.013483491139
0.0134856298142
0.0134873407543
0.0134894794294
0.0134911903695
0.0134929013096
0.0134946122496
0.0134967509248
0.0134984618649
0.0135001728049
0.013501883745
0.0135040224202
0.0135057333603
0.0135074443003
0.0135095829755
0.0135112939156
0.0135130048556
0.0135151435308
0.0135168544709
0.013518565411
0.0135207040861
0.0135224150262
0.0135245537013
0.0135262646414
0.0135279755815
0.0135296865216
0.0135318251967
0.0135335361368
0.0135352470769
0.013536958017
0.0135390966921
0.0135408076322
0.0135425185723
0.0135446572474
0.0135463681875
0.0135480791276
0.0135497900677
0.0135515010077
0.0135536396829
0.013555350623
0.013557061563
0.0135592002382
0.0135613389133
0.0135630498534
0.0135647607935
0.0135716045538
0.013574170964
0.0135763096391
0.0135784483142
0.0135810147244
0.0135831533995
0.0135852920746
0.0135878584847
0.0135899971598
0.013592135835
0.0135947022451
0.0135968409202
0.0135994073304
0.0136015460055
0.0136036846806
0.0136062510907
0.0136083897658
0.013610528441
0.0136130948511
0.0136152335262
0.0136173722013
0.0136199386115
0.0136220772866
0.0136242159617
0.0136263546368
0.013628921047
0.0136310597221
0.0136336261322
0.0136781105746
0.0136815324548
0.013684098865
0.0136866652751
0.0136888039502
0.0136909426253
0.0136930813005
0.0136956477106
0.0136977863857
0.0136999250608
0.0137020637359
0.0137042024111
0.0137067688212
0.0137089074963
0.0137110461714
0.0137131848465
0.0137157512567
0.0137178899318
0.0137200286069
0.0137225950171
0.0137247336922
0.0137268723673
0.0137294387774
0.0137315774525
0.0137337161277
0.0137358548028
0.0137384212129
0.013740559888
0.0137431262982
0.0137452649733
0.0137474036484
0.0137499700585
0.0137521087337
0.0137546751438
0.0137568138189
0.013758952494
0.0137610911692
0.0137636575793
0.0137657962544
0.0137679349295
0.0137705013397
0.0137726400148
0.0137747786899
0.013776917365
0.0137794837752
0.0137816224503
0.0137837611254
0.0137863275355
0.0137884662106
0.0137906048858
0.0137927435609
0.013795309971
0.0137974486461
0.0138000150563
0.0138021537314
0.0138042924065
0.0138094252268
0.0138119916369
0.013814130312
0.0138166967222
0.0138188353973
0.0138209740724
0.0138235404826
0.0138256791577
0.0138278178328
0.0138303842429
0.013832522918
0.0138346615932
0.0138372280033
0.0138393666784
0.0138415053535
0.0138440717637
0.0138462104388
0.0138483491139
0.013850487789
0.0138530541992
0.0138556206093
0.0138577592844
0.0138598979595
0.0138620366346
0.0138641753098
0.0138667417199
0.013868880395
0.0138710190701
0.0138735854803
0.0138757241554
0.0138778628305
0.0138804292407
0.0138825679158
0.0138847065909
0.013887273001
0.0138894116761
0.0138915503513
0.0138941167614
0.0138962554365
0.0138983941116
0.0139009605218
0.0139030991969
0.013905237872
0.0139073765471
0.0139099429573
0.0139120816324
0.0139146480425
0.0139167867176
0.0139189253927
0.0139210640679
0.013923202743
0.0139257691531
0.0139279078282
0.0139304742384
0.0139326129135
0.0139347515886
0.0139368902637
0.0139394566739
0.013941595349
0.0139437340241
0.0139463004342
0.0139488668444
0.0139510055195
0.0139531441946
0.0139552828697
0.0139574215448
0.013959987955
0.0139621266301
0.0139642653052
0.0139668317154
0.0139689703905
0.0139711090656
0.0139732477407
0.0139758141508
0.013977952826
0.0139800915011
0.0139826579112
0.0139847965863
0.0139873629965
0.0139895016716
0.0139916403467
0.0139937790218
0.013996345432
0.0139984841071
0.0140006227822
0.0140031891923
0.0140053278675
0.0140074665426
0.0140100329527
0.0140121716278
0.014014738038
0.0140168767131
0.0140190153882
0.0140215817983
0.0140237204735
0.0140258591486
0.0140279978237
0.0140301364988
0.0140327029089
0.0140348415841
0.0140369802592
0.0140395466693
0.0140416853444
0.0140438240195
0.0140459626947
0.0140481013698
0.0140506677799
0.014052806455
0.0140549451302
0.0140575115403
0.0140596502154
0.0140617888905
0.0140639275656
0.0140664939758
0.0140686326509
0.014070771326
0.0140733377362
0.0140754764113
0.0140780428214
0.0140801814965
0.0140823201716
0.0140844588468
0.0140870252569
0.014089163932
0.0140917303422
0.0140938690173
0.0140960076924
0.0140981463675
0.0141007127776
0.0141028514528
0.0141049901279
0.014107556538
0.0141096952131
0.0141118338882
0.0141139725634
0.0141165389735
0.0141186776486
0.0141212440588
0.0141233827339
0.014125521409
0.0141280878191
0.0141302264942
0.0141323651694
0.0141349315795
0.0141370702546
0.0141392089297
0.0141413476049
0.01414348628
0.0141460526901
0.0141481913652
0.0141503300403
0.0141528964505
0.0141550351256
0.0141576015357
0.0141597402109
0.014161878886
0.0141644452961
0.0141665839712
0.0141687226463
0.0141708613215
0.0141734277316
0.0141755664067
0.0141777050818
0.014180271492
0.0141828379021
0.0141849765772
0.0141871152523
0.0141892539275
0.0141913926026
0.0141935312777
